# Load ANIMATIONS for enemies

# ani_id	sprite1_id	time1	sprite2_id	time2	...

##### GOOMBA #####
5111	51111	100	51112	100
5112	51121	100

##### GOOMBA_RED_WING #####

#WALKING
5141	51411	100	51412	100

#CLOSED WING WALK
5142	51421	100	51422	100

#HOPPING
5143	51421	75	51431	75	51422	75	51432	75

#HIGH JUMP
5144	51421	50	51431	50	51422	50	51432	50

#DIE
5145	51441	100

##### KOOPA_RED_NORMAL #####
5231	52311	100	52312	100
5232	52321	100	52322	100
5233	52331	25	52332	25	52333	25	52334	25
5234	52341	25	52342	25	52343	25	52344	25
5235	52351	25	52352	25	52353	25	52354	25
5236	52361	25	52362	25	52363	25	52364	25
5237	52331	100
5238	52351	100

##### PLANT_RED_FIRE #####
5321	53211	100	53251	100
5322	53221	100	53261	100
5323	53231	100	53271	100
5324	53241	100	53281	100
